   0.0000000e+00   1.0389154e-04
   1.0000000e-01   1.4988979e-05
   2.0000000e-01   4.1769556e-05
   3.0000000e-01  -8.2987179e-05
   4.0000000e-01  -6.5294995e-05
   5.0000000e-01  -7.4212932e-05
   6.0000000e-01  -1.6330074e-04
   7.0000000e-01  -2.0782985e-04
   8.0000000e-01  -2.8794477e-04
   9.0000000e-01  -1.2761842e-04
   1.0000000e+00  -2.8616869e-06
   1.1000000e+00  -1.2764519e-04
   1.2000000e+00  -8.3129460e-05
   1.3000000e+00  -2.0724327e-05
   1.4000000e+00  -1.6327115e-04
   1.5000000e+00  -1.3650396e-04
   1.6000000e+00  -2.0778688e-04
   1.7000000e+00  -2.7012369e-04
   1.8000000e+00  -2.5233078e-04
   1.9000000e+00  -1.9891191e-04
   2.0000000e+00  -1.4543669e-04
   2.1000000e+00  -2.0666569e-05
   2.2000000e+00  -6.5253437e-05
   2.3000000e+00  -1.0085264e-04
   2.4000000e+00   6.8477584e-05
   2.5000000e+00   1.7533012e-04
   2.6000000e+00   1.8423327e-04
   2.7000000e+00   5.4955736e-04
   2.8000000e+00   1.8770262e-03
   2.9000000e+00   4.9775466e-03
   3.0000000e+00   1.0724189e-02
   3.1000000e+00   1.9197110e-02
   3.2000000e+00   3.0476465e-02
   3.3000000e+00   4.4330661e-02
   3.4000000e+00   6.0429999e-02
   3.5000000e+00   7.8774536e-02
   3.6000000e+00   9.9016739e-02
   3.7000000e+00   1.2034600e-01
   3.8000000e+00   1.4215642e-01
   3.9000000e+00   1.6326288e-01
   4.0000000e+00   1.8224002e-01
   4.1000000e+00   1.9847307e-01
   4.2000000e+00   2.1184613e-01
   4.3000000e+00   2.2220787e-01
   4.4000000e+00   2.2940677e-01
   4.5000000e+00   2.3381695e-01
   4.6000000e+00   2.3548291e-01
   4.7000000e+00   2.3441389e-01
   4.8000000e+00   2.3109070e-01
   4.9000000e+00   2.2611041e-01
   5.0000000e+00   2.1979351e-01
   5.1000000e+00   2.1252336e-01
   5.2000000e+00   2.0490565e-01
   5.3000000e+00   1.9678914e-01
   5.4000000e+00   1.8851240e-01
   5.5000000e+00   1.8077007e-01
   5.6000000e+00   1.7314354e-01
   5.7000000e+00   1.6562390e-01
   5.8000000e+00   1.5871019e-01
   5.9000000e+00   1.5233108e-01
   6.0000000e+00   1.4628151e-01
   6.1000000e+00   1.4055267e-01
   6.2000000e+00   1.3505552e-01
   6.3000000e+00   1.3006626e-01
   6.4000000e+00   1.2528195e-01
   6.5000000e+00   1.2088078e-01
   6.6000000e+00   1.1679125e-01
   6.7000000e+00   1.1288885e-01
   6.8000000e+00   1.0905777e-01
   6.9000000e+00   1.0555638e-01
   7.0000000e+00   1.0230442e-01
   7.1000000e+00   9.9132705e-02
   7.2000000e+00   9.6094592e-02
   7.3000000e+00   9.3145481e-02
   7.4000000e+00   9.0249874e-02
   7.5000000e+00   8.7594877e-02
   7.6000000e+00   8.5002146e-02
   7.7000000e+00   8.2641150e-02
   7.8000000e+00   8.0146522e-02
   7.9000000e+00   7.7839114e-02
   8.0000000e+00   7.5593944e-02
   8.1000000e+00   7.3259573e-02
   8.2000000e+00   7.1201594e-02
   8.3000000e+00   6.9187962e-02
   8.4000000e+00   6.7263558e-02
   8.5000000e+00   6.5356904e-02
   8.6000000e+00   6.3503754e-02
   8.7000000e+00   6.1650547e-02
   8.8000000e+00   5.9886513e-02
   8.9000000e+00   5.8273860e-02
   9.0000000e+00   5.6679014e-02
   9.1000000e+00   5.5066474e-02
   9.2000000e+00   5.3551784e-02
   9.3000000e+00   5.2277761e-02
   9.4000000e+00   5.0941388e-02
   9.5000000e+00   4.9569317e-02
   9.6000000e+00   4.8304253e-02
   9.7000000e+00   4.6958920e-02
   9.8000000e+00   4.5560141e-02
   9.9000000e+00   4.4410818e-02
   1.0000000e+01   4.3297023e-02
   1.0100000e+01   4.2120991e-02
   1.0200000e+01   4.0891483e-02
   1.0300000e+01   3.9795720e-02
   1.0400000e+01   3.8601712e-02
   1.0500000e+01   3.7514796e-02
   1.0600000e+01   3.6570612e-02
   1.0700000e+01   3.5572671e-02
   1.0800000e+01   3.4556839e-02
   1.0900000e+01   3.3567970e-02
   1.1000000e+01   3.2418788e-02
   1.1100000e+01   3.1456516e-02
   1.1200000e+01   3.0690366e-02
   1.1300000e+01   2.9915173e-02
   1.1400000e+01   2.9095492e-02
   1.1500000e+01   2.8373858e-02
   1.1600000e+01   2.7661071e-02
   1.1700000e+01   2.6805777e-02
   1.1800000e+01   2.6146437e-02
   1.1900000e+01   2.5567310e-02
   1.2000000e+01   2.5068424e-02
   1.2100000e+01   2.4435766e-02
   1.2200000e+01   2.3740729e-02
   1.2300000e+01   2.3206286e-02
   1.2400000e+01   2.2573797e-02
   1.2500000e+01   2.1967932e-02
   1.2600000e+01   2.1469074e-02
   1.2700000e+01   2.1023663e-02
   1.2800000e+01   2.0462145e-02
   1.2900000e+01   1.9731721e-02
   1.3000000e+01   1.9313048e-02
   1.3100000e+01   1.8912012e-02
   1.3200000e+01   1.8234894e-02
   1.3300000e+01   1.7700339e-02
   1.3400000e+01   1.7165812e-02
   1.3500000e+01   1.6729192e-02
   1.3600000e+01   1.6345962e-02
   1.3700000e+01   1.5784585e-02
   1.3800000e+01   1.5437137e-02
   1.3900000e+01   1.5080729e-02
   1.4000000e+01   1.4590746e-02
   1.4100000e+01   1.4243439e-02
   1.4200000e+01   1.3931660e-02
   1.4300000e+01   1.3548430e-02
   1.4400000e+01   1.3298860e-02
   1.4500000e+01   1.3111782e-02
   1.4600000e+01   1.2693108e-02
   1.4700000e+01   1.2408010e-02
   1.4800000e+01   1.2194194e-02
   1.4900000e+01   1.1909012e-02
   1.5000000e+01   1.1499073e-02
   1.5100000e+01   1.1267478e-02
   1.5200000e+01   1.0973505e-02
   1.5300000e+01   1.0715229e-02
   1.5400000e+01   1.0314391e-02
   1.5500000e+01   1.0029293e-02
   1.5600000e+01   9.8153356e-03
   1.5700000e+01   9.5123751e-03
   1.5800000e+01   9.1026331e-03
   1.5900000e+01   8.8353979e-03
   1.6000000e+01   8.6393878e-03
   1.6100000e+01   8.4344464e-03
   1.6200000e+01   8.1937798e-03
   1.6300000e+01   8.0779262e-03
   1.6400000e+01   7.8551785e-03
   1.6500000e+01   7.6770311e-03
   1.6600000e+01   7.5077304e-03
   1.6700000e+01   7.2583296e-03
   1.6800000e+01   7.1069480e-03
   1.6900000e+01   6.9198411e-03
   1.7000000e+01   6.7237747e-03
   1.7100000e+01   6.6257837e-03
   1.7200000e+01   6.6168524e-03
   1.7300000e+01   6.4744021e-03
   1.7400000e+01   6.2694325e-03
   1.7500000e+01   6.0734224e-03
   1.7600000e+01   5.8151467e-03
   1.7700000e+01   5.5834395e-03
   1.7800000e+01   5.5211175e-03
   1.7900000e+01   5.4854485e-03
   1.8000000e+01   5.2894103e-03
   1.8100000e+01   5.1914193e-03
   1.8200000e+01   5.1380286e-03
   1.8300000e+01   4.9686435e-03
   1.8400000e+01   4.8884307e-03
   1.8500000e+01   4.7547708e-03
   1.8600000e+01   4.5854983e-03
   1.8700000e+01   4.5230918e-03
   1.8800000e+01   4.3182067e-03
   1.8900000e+01   4.0866122e-03
   1.9000000e+01   4.0598465e-03
   1.9100000e+01   4.0242057e-03
   1.9200000e+01   3.8995053e-03
   1.9300000e+01   3.6767576e-03
   1.9400000e+01   3.5876980e-03
   1.9500000e+01   3.5253478e-03
   1.9600000e+01   3.5876417e-03
   1.9700000e+01   3.6322419e-03
   1.9800000e+01   3.5431541e-03
   1.9900000e+01   3.4094097e-03
   2.0000000e+01   3.3292250e-03
   2.0100000e+01   3.2044965e-03
   2.0200000e+01   3.2134278e-03
   2.0300000e+01   3.2401372e-03
   2.0400000e+01   3.0619898e-03
   2.0500000e+01   3.0352522e-03
   2.0600000e+01   2.9996396e-03
   2.0700000e+01   2.6968200e-03
   2.0800000e+01   2.4651973e-03
   2.0900000e+01   2.5631601e-03
   2.1000000e+01   2.6610665e-03
   2.1100000e+01   2.5987727e-03
   2.1200000e+01   2.5097130e-03
   2.1300000e+01   2.4740441e-03
   2.1400000e+01   2.5275193e-03
   2.1500000e+01   2.4384033e-03
   2.1600000e+01   2.2869372e-03
   2.1700000e+01   2.1889462e-03
   2.1800000e+01   2.0732335e-03
   2.1900000e+01   2.0465804e-03
   2.2000000e+01   1.9752989e-03
   2.2100000e+01   1.7881638e-03
   2.2200000e+01   1.6721693e-03
   2.2300000e+01   1.6186941e-03
   2.2400000e+01   1.5919565e-03
   2.2500000e+01   1.5207032e-03
   2.2600000e+01   1.5474690e-03
   2.2700000e+01   1.6276536e-03
   2.2800000e+01   1.6811852e-03
   2.2900000e+01   1.8059701e-03
   2.3000000e+01   1.9752426e-03
   2.3100000e+01   1.9841457e-03
   2.3200000e+01   2.0286051e-03
   2.3300000e+01   2.0465241e-03
   2.3400000e+01   1.9842021e-03
   2.3500000e+01   2.0108551e-03
   2.3600000e+01   1.9662831e-03
   2.3700000e+01   2.0731772e-03
   2.3800000e+01   2.1710836e-03
   2.3900000e+01   1.9484204e-03
   2.4000000e+01   1.8772234e-03
   2.4100000e+01   1.9485049e-03
   2.4200000e+01   1.9039892e-03
   2.4300000e+01   1.7792325e-03
   2.4400000e+01   1.7435072e-03
   2.4500000e+01   1.7346322e-03
   2.4600000e+01   1.5652752e-03
   2.4700000e+01   1.5920129e-03
   2.4800000e+01   1.6632944e-03
   2.4900000e+01   1.6365849e-03
   2.5000000e+01   1.5475253e-03
   2.5100000e+01   1.4138936e-03
   2.5200000e+01   1.3336808e-03
   2.5300000e+01   1.2712461e-03
   2.5400000e+01   1.2801774e-03
   2.5500000e+01   1.3335681e-03
   2.5600000e+01   1.2623429e-03
   2.5700000e+01   1.2445366e-03
   2.5800000e+01   1.1643238e-03
   2.5900000e+01   1.0930141e-03
   2.6000000e+01   1.1731142e-03
   2.6100000e+01   1.0484138e-03
   2.6200000e+01   9.8612000e-04
   2.6300000e+01   1.0395107e-03
   2.6400000e+01   9.4157610e-04
   2.6500000e+01   9.0599169e-04
   2.6600000e+01   9.1489484e-04
   2.6700000e+01   8.6141961e-04
   2.6800000e+01   7.8129130e-04
   2.6900000e+01   7.8126313e-04
   2.7000000e+01   7.4556602e-04
   2.7100000e+01   7.4553785e-04
   2.7200000e+01   7.9008175e-04
   2.7300000e+01   7.3666288e-04
   2.7400000e+01   6.8321583e-04
   2.7500000e+01   6.3864376e-04
   2.7600000e+01   6.6546589e-04
   2.7700000e+01   7.6348501e-04
   2.7800000e+01   9.5932604e-04
   2.7900000e+01   1.0573170e-03
   2.8000000e+01   1.0306639e-03
   2.8100000e+01   1.0752360e-03
   2.8200000e+01   1.0484138e-03
   2.8300000e+01   9.4149157e-04
   2.8400000e+01   8.7023824e-04
   2.8500000e+01   9.3261660e-04
   2.8600000e+01   9.5050742e-04
   2.8700000e+01   9.1481031e-04
   2.8800000e+01   8.1676301e-04
   2.8900000e+01   8.1687571e-04
   2.9000000e+01   8.8821357e-04
   2.9100000e+01   1.0306921e-03
   2.9200000e+01   1.0396234e-03
   2.9300000e+01   1.0841955e-03
   2.9400000e+01   1.0842518e-03
   2.9500000e+01   1.0752923e-03
   2.9600000e+01   1.0841391e-03
   2.9700000e+01   9.4160427e-04
   2.9800000e+01   9.2382616e-04
   2.9900000e+01   9.7730138e-04
   3.0000000e+01   8.6141961e-04
   3.0100000e+01   7.4553785e-04
   3.0200000e+01   6.6535319e-04
   3.0300000e+01   5.9415620e-04
   3.0400000e+01   6.7434086e-04
   3.0500000e+01   7.0088125e-04
   3.0600000e+01   6.0289030e-04
   3.0700000e+01   6.6532502e-04
   3.0800000e+01   7.6331597e-04
   3.0900000e+01   6.9203445e-04
   3.1000000e+01   5.0489935e-04
   3.1100000e+01   5.5848727e-04
   3.1200000e+01   6.9211898e-04
   3.1300000e+01   7.0099395e-04
   3.1400000e+01   6.6532502e-04
   3.1500000e+01   6.7425634e-04
   3.1600000e+01   6.4751873e-04
   3.1700000e+01   5.3169331e-04
   3.1800000e+01   3.7126765e-04
   3.1900000e+01   4.6042659e-04
   3.2000000e+01   5.4058307e-04
   3.2100000e+01   6.2974061e-04
   3.2200000e+01   5.6736224e-04
   3.2300000e+01   5.4952778e-04
   3.2400000e+01   6.3864376e-04
   3.2500000e+01   5.8508401e-04
   3.2600000e+01   5.9398716e-04
   3.2700000e+01   7.0995344e-04
   3.2800000e+01   7.6337232e-04
   3.2900000e+01   8.2569433e-04
   3.3000000e+01   7.6340049e-04
   3.3100000e+01   5.9409985e-04
   3.3200000e+01   6.7425634e-04
   3.3300000e+01   6.7425634e-04
   3.3400000e+01   6.4754690e-04
   3.3500000e+01   7.0105030e-04
   3.3600000e+01   6.3870010e-04
   3.3700000e+01   6.9211898e-04
   3.3800000e+01   6.2083746e-04
   3.3900000e+01   6.5645005e-04
   3.4000000e+01   7.4553785e-04
   3.4100000e+01   7.0102212e-04
   3.4200000e+01   8.9708854e-04
   3.4300000e+01   8.2577886e-04
   3.4400000e+01   7.9895672e-04
   3.4500000e+01   9.5938239e-04
   3.4600000e+01   8.7029458e-04
   3.4700000e+01   8.5248829e-04
   3.4800000e+01   7.9008175e-04
   3.4900000e+01   7.9898490e-04
   3.5000000e+01   8.9697585e-04
   3.5100000e+01   7.7216276e-04
   3.5200000e+01   9.5045107e-04
   3.5300000e+01   9.2374163e-04
   3.5400000e+01   7.3657836e-04
   3.5500000e+01   7.3660653e-04
   3.5600000e+01   6.1184980e-04
   3.5700000e+01   6.7425634e-04
   3.5800000e+01   7.8120678e-04
   3.5900000e+01   8.3459748e-04
   3.6000000e+01   8.4352880e-04
   3.6100000e+01   8.7026641e-04
   3.6200000e+01   8.4352880e-04
   3.6300000e+01   7.9895672e-04
   3.6400000e+01   8.4358515e-04
   3.6500000e+01   8.5248829e-04
   3.6600000e+01   8.8812905e-04
   3.6700000e+01   8.3459748e-04
   3.6800000e+01   7.8999723e-04
   3.6900000e+01   8.2563798e-04
   3.7000000e+01   8.4341610e-04
   3.7100000e+01   8.7911321e-04
   3.7200000e+01   9.3261660e-04
   3.7300000e+01   7.6337232e-04
   3.7400000e+01   7.2775973e-04
   3.7500000e+01   7.4548150e-04
   3.7600000e+01   7.3657836e-04
   3.7700000e+01   8.5246012e-04
   3.7800000e+01   7.1882841e-04
   3.7900000e+01   7.5449734e-04
   3.8000000e+01   7.0096577e-04
   3.8100000e+01   6.2075294e-04
   3.8200000e+01   7.0986892e-04
   3.8300000e+01   7.0986892e-04
   3.8400000e+01   7.8112226e-04
   3.8500000e+01   7.2773156e-04
   3.8600000e+01   7.0992527e-04
   3.8700000e+01   7.4556602e-04
   3.8800000e+01   6.3870010e-04
   3.8900000e+01   3.9806161e-04
   3.9000000e+01   4.7821809e-04
   3.9100000e+01   5.3169331e-04
   3.9200000e+01   3.6242085e-04
   3.9300000e+01   2.6436017e-04
   3.9400000e+01   2.7330487e-04
   3.9500000e+01   2.1985782e-04
   3.9600000e+01   2.3772046e-04
   3.9700000e+01   2.1988741e-04
   3.9800000e+01   2.9114215e-04
   3.9900000e+01   3.9807921e-04
   4.0000000e+01   5.1398634e-04
   4.0100000e+01   6.6535319e-04
   4.0200000e+01   5.4952778e-04
   4.0300000e+01   3.8929933e-04
   4.0400000e+01   3.9808978e-04
   4.0500000e+01   4.6032727e-04
   4.0600000e+01   5.1385885e-04
   4.0700000e+01   5.6736224e-04
   4.0800000e+01   5.5840275e-04
   4.0900000e+01   6.1184980e-04
   4.1000000e+01   5.4065281e-04
   4.1100000e+01   5.3183418e-04
   4.1200000e+01   5.3174966e-04
   4.1300000e+01   5.6736224e-04
   4.1400000e+01   4.2481401e-04
   4.1500000e+01   3.4465752e-04
   4.1600000e+01   4.4263368e-04
   4.1700000e+01   4.4264988e-04
   4.1800000e+01   4.6928818e-04
   4.1900000e+01   5.6733407e-04
   4.2000000e+01   5.4069577e-04
   4.2100000e+01   3.7139513e-04
   4.2200000e+01   3.3569803e-04
   4.2300000e+01   4.8717899e-04
   4.2400000e+01   5.2286271e-04
   4.2500000e+01   5.2284792e-04
   4.2600000e+01   5.6736224e-04
   4.2700000e+01   5.4955595e-04
   4.2800000e+01   4.7830261e-04
   4.2900000e+01   4.2487036e-04
   4.3000000e+01   4.0703730e-04
   4.3100000e+01   3.7135499e-04
   4.3200000e+01   4.6046956e-04
   4.3300000e+01   4.6945722e-04
   4.3400000e+01   4.8730507e-04
   4.3500000e+01   4.9613849e-04
   4.3600000e+01   5.1394478e-04
   4.3700000e+01   6.0307414e-04
   4.3800000e+01   5.5845910e-04
   4.3900000e+01   4.9605255e-04
   4.4000000e+01   5.7623721e-04
   4.4100000e+01   6.7425634e-04
   4.4200000e+01   6.8307496e-04
   4.4300000e+01   6.5633735e-04
   4.4400000e+01   6.2080929e-04
   4.4500000e+01   6.2086564e-04
   4.4600000e+01   6.2976878e-04
   4.4700000e+01   5.7623721e-04
   4.4800000e+01   6.3850288e-04
   4.4900000e+01   5.2276340e-04
   4.5000000e+01   4.5159458e-04
   4.5100000e+01   4.7828923e-04
   4.5200000e+01   4.6941426e-04
   4.5300000e+01   3.3575579e-04
   4.5400000e+01   2.1104202e-04
   4.5500000e+01   2.3777822e-04
   4.5600000e+01   2.7336263e-04
   4.5700000e+01   1.4869042e-04
   4.5800000e+01   1.7542803e-04
   4.5900000e+01   1.6646994e-04
   4.6000000e+01   3.3571282e-04
   4.6100000e+01   6.5645005e-04
   4.6200000e+01   6.2089381e-04
   4.6300000e+01   5.7629356e-04
   4.6400000e+01   5.4955595e-04
   4.6500000e+01   5.1391519e-04
   4.6600000e+01   5.1394337e-04
   4.6700000e+01   5.4958413e-04
   4.6800000e+01   4.9610890e-04
   4.6900000e+01   4.8714941e-04
   4.7000000e+01   4.5159318e-04
   4.7100000e+01   4.5153683e-04
   4.7200000e+01   5.1388702e-04
   4.7300000e+01   5.1391519e-04
   4.7400000e+01   5.8514036e-04
   4.7500000e+01   6.7422816e-04
   4.7600000e+01   5.8502766e-04
   4.7700000e+01   4.9591168e-04
   4.7800000e+01   6.4751873e-04
   4.7900000e+01   8.5248829e-04
   4.8000000e+01   8.1679119e-04
   4.8100000e+01   7.9890037e-04
   4.8200000e+01   7.6334414e-04
   4.8300000e+01   5.7620904e-04
   4.8400000e+01   4.9608073e-04
   4.8500000e+01   4.3370236e-04
   4.8600000e+01   4.9605255e-04
   4.8700000e+01   3.8019897e-04
   4.8800000e+01   3.5337683e-04
   4.8900000e+01   3.9792073e-04
   4.9000000e+01   1.5736676e-04
   4.9100000e+01   1.1286582e-04
   4.9200000e+01   2.5540067e-04
   4.9300000e+01   3.9800526e-04
   4.9400000e+01   5.2281834e-04
   4.9500000e+01   4.9602438e-04
   4.9600000e+01   4.0693658e-04
   4.9700000e+01   3.3571141e-04
   4.9800000e+01   3.7132399e-04
   4.9900000e+01   4.2479922e-04
   5.0000000e+01   3.7136696e-04
   5.0100000e+01   4.1591086e-04
   5.0200000e+01   3.8914508e-04
   5.0300000e+01   4.8714941e-04
   5.0400000e+01   4.7830261e-04
   5.0500000e+01   3.3568324e-04
   5.0600000e+01   1.2188167e-04
   5.0700000e+01   1.1300669e-04
   5.0800000e+01   2.1098285e-04
   5.0900000e+01   4.1654041e-05
   5.1000000e+01  -8.3130869e-05
   5.1100000e+01   1.1290879e-04
   5.1200000e+01   4.1655449e-05
   5.1300000e+01  -3.8530618e-05
   5.1400000e+01   5.0571978e-05
   5.1500000e+01  -8.3156226e-05
   5.1600000e+01   5.9363834e-05
   5.1700000e+01   2.8225239e-04
   5.1800000e+01   4.2484218e-04
   5.1900000e+01   4.4257733e-04
   5.2000000e+01   4.0697954e-04
   5.2100000e+01   3.8917325e-04
   5.2200000e+01   5.0492753e-04
   5.2300000e+01   5.1380250e-04
   5.2400000e+01   4.6925859e-04
   5.2500000e+01   4.5148048e-04
   5.2600000e+01   2.9111116e-04
   5.2700000e+01   2.1089833e-04
   5.2800000e+01   1.7525757e-04
   5.2900000e+01   1.9312021e-04
   5.3000000e+01   1.4866083e-04
   5.3100000e+01   1.4860448e-04
   5.3200000e+01   1.3961822e-04
   5.3300000e+01   7.7281414e-05
   5.3400000e+01   3.2722721e-05
   5.3500000e+01   1.5739493e-04
   5.3600000e+01   3.4454483e-04
   5.3700000e+01   3.4462935e-04
   5.3800000e+01   3.1784877e-04
   5.3900000e+01   2.8217984e-04
   5.4000000e+01   2.0202336e-04
   5.4100000e+01   1.3961682e-04
   5.4200000e+01   1.3964499e-04
   5.4300000e+01   2.0202336e-04
   5.4400000e+01   1.3062915e-04
   5.4500000e+01   7.7196891e-05
   5.4600000e+01   1.2178235e-04
   5.4700000e+01   1.3065732e-04
   5.4800000e+01   9.5003182e-05
   5.4900000e+01   1.7532871e-04
   5.5000000e+01   1.9317656e-04
   5.5100000e+01  -2.0651778e-05
   5.5200000e+01  -2.9511957e-05
   5.5300000e+01   9.5243369e-05
   5.5400000e+01   5.0628327e-05
   5.5500000e+01   6.0562502e-06
   5.5600000e+01   1.3075664e-04
   5.5700000e+01   1.8418889e-04
   5.5800000e+01   1.8424524e-04
   5.5900000e+01   5.9446949e-05
   5.6000000e+01  -8.3087903e-05
   5.6100000e+01  -1.1764832e-05
   5.6200000e+01   3.2752304e-05
   5.6300000e+01   8.6240909e-05
   5.6400000e+01   5.9433566e-05
   5.6500000e+01   1.4876281e-05
   5.6600000e+01  -2.8602782e-06
   5.6700000e+01   6.8477584e-05
   5.6800000e+01   5.0529012e-05
   5.6900000e+01   1.3971613e-04
   5.7000000e+01   3.6242085e-04
   5.7100000e+01   3.7139513e-04
   5.7200000e+01   2.4663840e-04
   5.7300000e+01   1.9310683e-04
   5.7400000e+01   2.9116892e-04
   5.7500000e+01   3.9813275e-04
   5.7600000e+01   4.4266326e-04
   5.7700000e+01   4.4267665e-04
   5.7800000e+01   4.5157979e-04
   5.7900000e+01   4.7830402e-04
   5.8000000e+01   4.4270623e-04
   5.8100000e+01   3.7136837e-04
   5.8200000e+01   4.5153683e-04
   5.8300000e+01   5.4065281e-04
   5.8400000e+01   6.2086564e-04
   5.8500000e+01   6.0294665e-04
   5.8600000e+01   5.0489935e-04
   5.8700000e+01   4.6041180e-04
   5.8800000e+01   4.4257733e-04
   5.8900000e+01   4.0703589e-04
   5.9000000e+01   4.1596721e-04
   5.9100000e+01   3.8028349e-04
   5.9200000e+01   3.3571141e-04
   5.9300000e+01   2.9119568e-04
   5.9400000e+01   3.4467091e-04
   5.9500000e+01   2.5544223e-04
   5.9600000e+01   1.6629808e-04
   5.9700000e+01   1.4854814e-04
   5.9800000e+01   1.6638260e-04
   5.9900000e+01   1.4854814e-04
   6.0000000e+01   2.8220802e-04
   6.0100000e+01   2.1977330e-04
   6.0200000e+01   1.3071508e-04
   6.0300000e+01   2.8229395e-04
   6.0400000e+01   3.9808978e-04
   6.0500000e+01   3.4453003e-04
   6.0600000e+01   3.6233633e-04
   6.0700000e+01   3.8022714e-04
   6.0800000e+01   4.6042659e-04
   6.0900000e+01   4.6935791e-04
   6.1000000e+01   4.4263368e-04
   6.1100000e+01   1.7539844e-04
   6.1200000e+01   8.6197942e-05
   6.1300000e+01   1.0403241e-04
   6.1400000e+01   2.3918890e-05
   6.1500000e+01   5.9503298e-05
   6.1600000e+01   1.7531392e-04
   6.1700000e+01   2.8212349e-04
   6.1800000e+01   2.3760776e-04
   6.1900000e+01   1.3072846e-04
   6.2000000e+01   1.6631287e-04
   6.2100000e+01   2.1982965e-04
   6.2200000e+01   2.9113934e-04
   6.2300000e+01   2.8222281e-04
   6.2400000e+01   1.4856293e-04
   6.2500000e+01   2.1995714e-04
   6.2600000e+01   1.7531533e-04
   6.2700000e+01   2.5540067e-04
   6.2800000e+01   4.0685205e-04
   6.2900000e+01   4.7816174e-04
   6.3000000e+01   4.0693658e-04
   6.3100000e+01   2.4659543e-04
   6.3200000e+01   1.6641078e-04
   6.3300000e+01   3.1779242e-04
   6.3400000e+01   4.1579816e-04
   6.3500000e+01   4.8716420e-04
   6.3600000e+01   4.2480062e-04
   6.3700000e+01   3.9806301e-04
   6.3800000e+01   3.9807640e-04
   6.3900000e+01   4.4269144e-04
   6.4000000e+01   3.6250678e-04
   6.4100000e+01   2.5550140e-04
   6.4200000e+01   2.9122668e-04
   6.4300000e+01   3.0014180e-04
   6.4400000e+01   2.1102582e-04
   6.4500000e+01   1.1292358e-04
   6.4600000e+01   6.8394469e-05
   6.4700000e+01   7.7340581e-05
   6.4800000e+01   8.6214143e-05
   6.4900000e+01   7.7380729e-05
   6.5000000e+01   8.6325432e-05
   6.5100000e+01  -2.8616869e-06
   6.5200000e+01  -2.8736611e-06
   6.5300000e+01   9.5103905e-05
   6.5400000e+01   2.1994235e-04
   6.5500000e+01   2.2884549e-04
   6.5600000e+01   2.6437355e-04
   6.5700000e+01   1.9313500e-04
   6.5800000e+01   1.1297852e-04
   6.5900000e+01   1.7532871e-04
   6.6000000e+01   1.6636922e-04
   6.6100000e+01   1.3072846e-04
   6.6200000e+01   2.2873279e-04
   6.6300000e+01   2.0202477e-04
   6.6400000e+01   1.8419030e-04
   6.6500000e+01   2.6437355e-04
   6.6600000e+01   2.3762256e-04
   6.6700000e+01   1.6631287e-04
   6.6800000e+01   2.5555493e-04
   6.6900000e+01   3.0012700e-04
   6.7000000e+01   3.0900198e-04
   6.7100000e+01   3.9806161e-04
   6.7200000e+01   3.0891745e-04
   6.7300000e+01   2.6442990e-04
   6.7400000e+01   2.4659543e-04
   6.7500000e+01   1.8424524e-04
   6.7600000e+01   2.1992896e-04
   6.7700000e+01   4.1589607e-04
   6.7800000e+01   3.6244902e-04
   6.7900000e+01   1.6649530e-04
   6.8000000e+01   2.1997052e-04
   6.8100000e+01   8.6310641e-05
   6.8200000e+01  -6.5253437e-05
   6.8300000e+01  -8.3116077e-05
   6.8400000e+01   1.4888255e-05
   6.8500000e+01   2.3819575e-05
   6.8600000e+01   3.2694546e-05
   6.8700000e+01  -3.8557384e-05
   6.8800000e+01   1.4946013e-05
   6.8900000e+01   7.7266622e-05
   6.9000000e+01   5.0641710e-05
   6.9100000e+01  -2.8053379e-06
   6.9200000e+01   6.8391652e-05
   6.9300000e+01   3.2694546e-05
   6.9400000e+01  -1.0991004e-04
   6.9500000e+01  -7.4227723e-05
   6.9600000e+01   5.9851095e-06
   6.9700000e+01  -1.1821181e-05
   6.9800000e+01   1.1287920e-04
   6.9900000e+01   2.8217984e-04
   7.0000000e+01   1.4857631e-04
   7.0100000e+01   1.9314839e-04
   7.0200000e+01   2.9111116e-04
   7.0300000e+01   3.7129582e-04
   7.0400000e+01   3.5351770e-04
   7.0500000e+01   2.3772046e-04
   7.0600000e+01   2.1980147e-04
   7.0700000e+01   3.8913029e-04
   7.0800000e+01   3.4461456e-04
   7.0900000e+01   3.0891745e-04
   7.1000000e+01   4.2477104e-04
   7.1100000e+01   5.0499867e-04
   7.1200000e+01   4.1596721e-04
   7.1300000e+01   3.8031166e-04
   7.1400000e+01   4.3373054e-04
   7.1500000e+01   3.8907394e-04
   7.1600000e+01   2.7319217e-04
   7.1700000e+01   2.1096947e-04
   7.1800000e+01   2.5551337e-04
   7.1900000e+01   1.9314839e-04
   7.2000000e+01   2.0202336e-04
   7.2100000e+01   8.6071862e-05
   7.2200000e+01   1.0396268e-04
   7.2300000e+01   1.3965978e-04
   7.2400000e+01   1.3970275e-04
   7.2500000e+01   2.4655388e-04
   7.2600000e+01   2.3752324e-04
   7.2700000e+01   2.1089833e-04
   7.2800000e+01   2.1982965e-04
   7.2900000e+01   2.1085677e-04
   7.3000000e+01   3.5341980e-04
   7.3100000e+01   2.5547040e-04
   7.3200000e+01   1.1293555e-04
   7.3300000e+01   1.3068550e-04
   7.3400000e+01   5.0500837e-05
   7.3500000e+01   4.1625866e-05
   7.3600000e+01   1.4857631e-04
   7.3700000e+01   1.3062915e-04
   7.3800000e+01   1.4857631e-04
   7.3900000e+01   3.0009883e-04
   7.4000000e+01   2.8223619e-04
   7.4100000e+01   1.9317656e-04
   7.4200000e+01   1.1293555e-04
   7.4300000e+01  -1.1905705e-05
   7.4400000e+01   2.3763226e-05
   7.4500000e+01   3.2722721e-05
   7.4600000e+01  -2.9627472e-05
   7.4700000e+01   1.3961682e-04
   7.4800000e+01  -1.1872725e-04
   7.4900000e+01  -3.4146014e-04
   7.5000000e+01  -1.8106547e-04
   7.5100000e+01  -1.0969802e-04
   7.5200000e+01  -2.7898246e-04
   7.5300000e+01  -3.1467957e-04
   7.5400000e+01  -2.0771715e-04
   7.5500000e+01  -1.2750432e-04
   7.5600000e+01  -1.0090758e-04
   7.5700000e+01  -1.1872725e-04
   7.5800000e+01  -1.0094913e-04
   7.5900000e+01   8.6184560e-05
   7.6000000e+01   4.1754764e-05
   7.6100000e+01   1.1306304e-04
   7.6200000e+01   1.6648192e-04
   7.6300000e+01   2.0209450e-04
   7.6400000e+01   2.9102664e-04
   7.6500000e+01   3.2666739e-04
   7.6600000e+01   3.0009883e-04
   7.6700000e+01   2.2878914e-04
   7.6800000e+01   6.8307128e-05
   7.6900000e+01  -2.9180359e-06
   7.7000000e+01   5.9460332e-05
   7.7100000e+01   7.7196891e-05
   7.7200000e+01  -3.0159424e-06
   7.7300000e+01   7.7210273e-05
   7.7400000e+01   1.1290738e-04
   7.7500000e+01  -5.6421432e-05
   7.7600000e+01  -1.1862739e-05
   7.7700000e+01  -5.6350292e-05
   7.7800000e+01  -2.8335124e-06
   7.7900000e+01   2.3875924e-05
   7.8000000e+01  -2.8616869e-06
   7.8100000e+01   7.7266622e-05
   7.8200000e+01   5.9005860e-06
   7.8300000e+01  -8.3172426e-05
   7.8400000e+01  -6.5337961e-05
   7.8500000e+01  -1.1834564e-05
   7.8600000e+01   1.7528575e-04
   7.8700000e+01   2.7324852e-04
   7.8800000e+01   2.9109778e-04
   7.8900000e+01   2.4655388e-04
   7.9000000e+01   2.4653908e-04
   7.9100000e+01   2.3766411e-04
   7.9200000e+01   1.1296373e-04
   7.9300000e+01   3.2765687e-05
   7.9400000e+01   4.1627275e-05
   7.9500000e+01  -2.9669030e-05
   7.9600000e+01  -1.0982411e-04
   7.9700000e+01  -4.7432355e-05
   7.9800000e+01   6.0562502e-06
   7.9900000e+01   3.2795270e-05
   8.0000000e+01  -2.0623603e-05
   8.0100000e+01  -1.1804981e-05
   8.0200000e+01   4.1655449e-05
   8.0300000e+01   1.6643895e-04
   8.0400000e+01  -2.9612681e-05
   8.0500000e+01  -1.5438280e-04
   8.0600000e+01  -2.9462105e-06
   8.0700000e+01  -1.1877530e-05
   8.0800000e+01   5.8872031e-06
   8.0900000e+01   7.7268031e-05
   8.1000000e+01   4.1627275e-05
   8.1100000e+01   5.0515629e-05
   8.1200000e+01   5.0502246e-05
   8.1300000e+01   7.7268031e-05
   8.1400000e+01   1.8418889e-04
   8.1500000e+01   1.7528575e-04
   8.1600000e+01   2.3767891e-04
   8.1700000e+01   1.8423186e-04
   8.1800000e+01   1.1290738e-04
   8.1900000e+01   1.0394788e-04
   8.2000000e+01   8.6141593e-05
   8.2100000e+01   1.4944604e-05
   8.2200000e+01   7.7322972e-05
   8.2300000e+01   1.1299331e-04
   8.2400000e+01  -4.7376006e-05
   8.2500000e+01  -1.7210457e-04
   8.2600000e+01  -2.0773053e-04
   8.2700000e+01  -2.0610220e-05
   8.2800000e+01   6.8477584e-05
   8.2900000e+01   1.3075664e-04
   8.3000000e+01   2.0202336e-04
   8.3100000e+01   2.1091312e-04
   8.3200000e+01   1.7527377e-04
   8.3300000e+01   1.1302149e-04
   8.3400000e+01   1.3974431e-04
   8.3500000e+01   5.0614944e-05
   8.3600000e+01  -3.8501035e-05
   8.3700000e+01  -8.3074520e-05
   8.3800000e+01  -2.8321037e-06
   8.3900000e+01   1.1295035e-04
   8.4000000e+01   6.8363477e-05
   8.4100000e+01   2.2873279e-04
   8.4200000e+01   3.0887589e-04
   8.4300000e+01   3.8907394e-04
   8.4400000e+01   3.4458638e-04
   8.4500000e+01   3.5346135e-04
   8.4600000e+01   4.8706489e-04
   8.4700000e+01   4.4252098e-04
   8.4800000e+01   4.6041180e-04
   8.4900000e+01   5.3172149e-04
   8.5000000e+01   3.1779242e-04
   8.5100000e+01   1.3074184e-04
   8.5200000e+01   6.8363477e-05
   8.5300000e+01  -1.1890913e-05
   8.5400000e+01  -3.8515826e-05
   8.5500000e+01  -1.3652016e-04
   8.5600000e+01  -1.9002215e-04
   8.5700000e+01  -1.3657510e-04
   8.5800000e+01   1.0404720e-04
   8.5900000e+01   9.5072913e-05
   8.6000000e+01   1.4831906e-05
   8.6100000e+01   1.4888255e-05
   8.6200000e+01  -5.6393258e-05
   8.6300000e+01  -1.1877530e-05
   8.6400000e+01  -2.9595933e-06
   8.6500000e+01   1.4846698e-05
   8.6600000e+01  -2.9655647e-05
   8.6700000e+01  -8.3074520e-05
   8.6800000e+01  -5.6365083e-05
   8.6900000e+01  -7.4171374e-05
   8.7000000e+01  -6.5240054e-05
   8.7100000e+01   1.4944604e-05
   8.7200000e+01   1.0408876e-04
   8.7300000e+01   1.5747946e-04
   8.7400000e+01   1.7522940e-04
   8.7500000e+01   1.2189505e-04
   8.7600000e+01  -2.9612681e-05
   8.7700000e+01  -5.6293943e-05
   8.7800000e+01   1.3963161e-04
   8.7900000e+01   2.8216646e-04
   8.8000000e+01   1.8419030e-04
   8.8100000e+01   1.0394929e-04
   8.8200000e+01   1.0391971e-04
   8.8300000e+01   3.2694546e-05
   8.8400000e+01  -6.5253437e-05
   8.8500000e+01  -2.9448017e-06
   8.8600000e+01   3.2681163e-05
   8.8700000e+01   2.3755142e-04
   8.8800000e+01   2.2870462e-04
   8.8900000e+01   1.4860448e-04
   8.9000000e+01   1.3085454e-04
   8.9100000e+01   1.3074184e-04
   8.9200000e+01   1.6641078e-04
   8.9300000e+01   1.3970134e-04
   8.9400000e+01   1.0397606e-04
   8.9500000e+01   2.2873279e-04
   8.9600000e+01   3.7138034e-04
   8.9700000e+01   2.6437355e-04
   8.9800000e+01   9.5044739e-05
   8.9900000e+01   1.2175418e-04
